,Province,DRI2015,DRI2016,DRI2017,DRI2018,DRI2019,DRI2020,DRI2021,DRI2022
1,An Giang,0.639528969,0.599819329,0.584046006,0.511014453,0.532081004,0.544443364,0.534630988,0.516333395
2,Ba Ria - Vung Tau,0.477761512,0.430927072,0.423134047,0.389428127,0.391353734,0.404337115,0.39151759,0.369132439
3,Bac Giang,0.528338399,0.485968355,0.493000438,0.462690744,0.461291745,0.434373864,0.447427126,0.422276548
4,Bac Kan,0.519196684,0.508975246,0.506032871,0.461651366,0.464568075,0.462244672,0.473278367,0.447327129
5,Bac Lieu,0.552085636,0.53275723,0.515400733,0.485047038,0.477777613,0.494108182,0.473489331,0.449691117
6,Bac Ninh,0.487330476,0.461527064,0.46182809,0.437766284,0.433825439,0.404350305,0.411682151,0.397707965
7,Ben Tre,0.636274743,0.578802558,0.570831855,0.526396688,0.538231294,0.538032057,0.537606922,0.502959568
8,Binh Dinh,0.493869128,0.447772683,0.439526682,0.396569632,0.415853111,0.401205279,0.40858045,0.360896445
9,Binh Duong,0.418301581,0.385348014,0.385880472,0.320224908,0.319864488,0.307408363,0.304014088,0.289450258
10,Binh Phuoc,0.601578768,0.56221041,0.551753849,0.494892159,0.498895144,0.498663446,0.440255553,0.407870325
11,Binh Thuan,0.536570856,0.478292938,0.47911517,0.440996805,0.445498961,0.457525745,0.429460879,0.418515335
12,Ca Mau,0.534224361,0.518914575,0.508078168,0.465006373,0.469991678,0.486390009,0.474575769,0.449605144
13,Can Tho,0.536577461,0.494823396,0.482370831,0.436156011,0.428796083,0.431593528,0.422635382,0.399713066
14,Cao Bang,0.54969711,0.546665334,0.534266863,0.503399713,0.496933766,0.483644951,0.497986711,0.475248703
15,Da Nang,0.289049508,0.28999,0.28999,0.28999,0.28999,0.28999,0.28999,0.28999
16,Dak Lak,0.579675523,0.555954726,0.543133056,0.494759858,0.499200963,0.523760895,0.510676482,0.471727026
17,Dak Nong,0.64655984,0.609912645,0.584444126,0.524190891,0.543778279,0.560742317,0.545282049,0.517134306
18,Dien Bien,0.645160893,0.672879073,0.682398523,0.639202802,0.664594147,0.650100419,0.647543335,0.609466782
19,Dong Nai,0.485111261,0.439558302,0.43012737,0.385353734,0.36971541,0.373490018,0.358215529,0.347304199
20,Dong Thap,0.663500158,0.614666137,0.602090047,0.539524413,0.553110422,0.551195126,0.535963579,0.517486255
21,Gia Lai,0.61347618,0.614046749,0.592151406,0.546816382,0.554099228,0.566258389,0.556085683,0.512108077
22,Ha Giang,0.615519059,0.624692956,0.615399425,0.591656985,0.57919018,0.562791273,0.574327575,0.571445576
23,Ha Nam,0.551395776,0.511002765,0.511219689,0.487275564,0.491012914,0.444803595,0.445192822,0.423345481
24,Ha Noi,0.428407984,0.389870567,0.374493584,0.376229815,0.375497486,0.360435226,0.36819973,0.354604663
25,Ha Tinh,0.535016796,0.485753386,0.485952856,0.448703759,0.438994851,0.432364825,0.442155813,0.410373274
26,Hai Duong,0.525933296,0.480804047,0.492773063,0.469960964,0.463658116,0.442100726,0.442077302,0.420574974
27,Hai Phong,0.42443789,0.380810715,0.395652766,0.371268108,0.382510832,0.369944176,0.375296111,0.35147955
28,Hau Giang,0.663789314,0.616693115,0.606093851,0.5595628,0.562383503,0.562396361,0.555256863,0.533046776
29,Ho Chi Minh,0.349979226,0.308127674,0.301204758,0.28999,0.28999,0.28999,0.28999,0.28999
30,Hoa Binh,0.523716521,0.484733971,0.488497497,0.448305938,0.459644341,0.420307442,0.437098107,0.398070314
31,Hung Yen,0.570484913,0.530353421,0.534322305,0.509538756,0.504011008,0.48112523,0.481846954,0.465259218
32,Khanh Hoa,0.452259361,0.402251297,0.395445871,0.37976543,0.38364154,0.392995864,0.379400011,0.34428338
33,Kien Giang,0.617651027,0.589812881,0.571088544,0.526213625,0.530866348,0.547777667,0.533513524,0.503515871
34,Kon Tum,0.547193629,0.54264628,0.536323612,0.49198875,0.501268604,0.496044569,0.485002811,0.450890878
35,Lai Chau,0.628777298,0.637547996,0.627047179,0.603819053,0.60974907,0.582105458,0.551474099,0.551326868
36,Lam Dong,0.516652555,0.473869488,0.469426769,0.416725364,0.422032548,0.440772985,0.427260604,0.405344019
37,Lang Son,0.496868497,0.479527234,0.485304508,0.436730162,0.44884602,0.431627671,0.444858306,0.407113413
38,Lao Cai,0.547480969,0.524329716,0.531036939,0.503218007,0.505483035,0.487391693,0.484526307,0.469459759
39,Long An,0.610588188,0.560199898,0.537640949,0.522442829,0.519208585,0.508016057,0.507288168,0.495483815
40,Nam Dinh,0.552672136,0.520824076,0.526817769,0.490795672,0.50745762,0.485467801,0.487914259,0.453753595
41,Nghe An,0.529674879,0.490530051,0.499265068,0.452993339,0.445999575,0.432748115,0.445503909,0.400288333
42,Ninh Binh,0.537556851,0.49305163,0.489481242,0.461609659,0.466541083,0.456107196,0.458136756,0.429581781
43,Ninh Thuan,0.52822728,0.479829308,0.479068545,0.453629299,0.45192328,0.471476467,0.450225288,0.424131634
44,Phu Tho,0.512064258,0.477213357,0.484454809,0.457142063,0.454937265,0.44078677,0.456828457,0.421077937
45,Phu Yen,0.532909843,0.481008837,0.473516524,0.437666414,0.454962922,0.444866314,0.448378641,0.406977417
46,Quang Binh,0.51093455,0.463563242,0.460582735,0.433195118,0.42557357,0.42528745,0.417068144,0.388593089
47,Quang Nam,0.503280306,0.47313079,0.47586376,0.435998754,0.435874955,0.425684793,0.427519765,0.388546715
48,Quang Ngai,0.552068769,0.521740381,0.52306314,0.474660505,0.493896571,0.494509447,0.487287584,0.437220027
49,Quang Ninh,0.358827812,0.311652398,0.31830552,0.297025174,0.303635466,0.300416739,0.305408079,0.278473879
50,Quang Tri,0.528452897,0.495755339,0.490154878,0.452134438,0.451179695,0.455440462,0.442435128,0.413813127
51,Soc Trang,0.628602269,0.576123142,0.555073322,0.499144908,0.515479978,0.527477433,0.523259737,0.492018871
52,Son La,0.609063326,0.625187421,0.636412048,0.585914714,0.601963827,0.580342938,0.589030567,0.529469088
53,Tay Ninh,0.577744557,0.523862037,0.512891895,0.480735672,0.494072694,0.466410605,0.4581707,0.431697134
54,Thai Binh,0.584871549,0.534850277,0.551374051,0.507658559,0.523629869,0.497425703,0.506087567,0.478629859
55,Thai Nguyen,0.477411598,0.43682208,0.430607518,0.404260633,0.399710607,0.401582512,0.410696983,0.369800185
56,Thanh Hoa,0.523774634,0.473932345,0.472801882,0.444878065,0.437347202,0.417006849,0.412970665,0.377003866
57,Thua Thien Hue,0.433325674,0.39867431,0.399849669,0.367381107,0.367989357,0.368912865,0.361946019,0.327683712
58,Tien Giang,0.641091439,0.583067545,0.564682169,0.520121674,0.539081231,0.531902368,0.530708691,0.50756976
59,Tra Vinh,0.659491488,0.609203481,0.596750768,0.555980194,0.568379128,0.559737401,0.547383165,0.521074317
60,Tuyen Quang,0.528849858,0.50692263,0.500799315,0.468920566,0.464166005,0.460574214,0.472546466,0.436670737
61,Vinh Long,0.654641648,0.609352194,0.605901728,0.552394792,0.560672155,0.55030216,0.549439058,0.513653147
62,Vinh Phuc,0.501861076,0.4712008,0.479094359,0.454969625,0.442850559,0.414223406,0.428004554,0.402162936
63,Yen Bai,0.534403324,0.509142201,0.519565312,0.481503765,0.490178946,0.475764427,0.488406876,0.456807787
